0;0;0;0;0;0;0
0;0;0;0;0;0;0
0;0;0;0;0;0;0
0;0;0;0;0;0;0
0;0;0;0;0;0;0
0;0;0;0;0;0;0
0;0;0;0;0;0;0
0;0;0;0;0;0;0
0;0;0;0;0;0;0
0;0;0;0;0;0;0
0;0;0;0;0;0;0
0;0;0;0;0;0;0
1;1;23;22;1;0;0
0;0;61;61;0;0;0
0;0;58;58;0;0;0
0;0;63;63;0;0;0
0;0;57;57;0;0;0
0;0;58;58;0;0;0
0;0;45;45;0;0;0
0;0;0;0;0;0;0
0;0;0;0;0;0;0
0;0;0;0;0;0;0
0;0;0;0;0;0;0
1;1;26;25;1;0;0
0;0;66;66;0;0;0
0;0;0;0;0;0;0
0;0;0;0;0;0;0
0;0;0;0;0;0;0
0;0;0;0;0;0;0
0;0;0;0;0;0;0
0;0;0;0;0;0;0
0;0;0;0;0;0;0
0;0;0;0;0;0;0
0;0;0;0;0;0;0
0;0;0;0;0;0;0
1;0;1;0;1;0;0
1;1;40;39;1;0;0
0;0;56;56;0;0;0
0;0;0;0;0;0;0
0;0;0;0;0;0;0
0;0;0;0;0;0;0
0;0;0;0;0;0;0
0;0;0;0;0;0;0
0;0;0;0;0;0;0
0;0;0;0;0;0;0
0;0;0;0;0;0;0
0;0;0;0;0;0;0
0;0;0;0;0;0;0
0;0;0;0;0;0;0
0;0;0;0;0;0;0
0;0;0;0;0;0;0
0;0;0;0;0;0;0
0;0;0;0;0;0;0
0;0;0;0;0;0;0
0;0;0;0;0;0;0
0;0;0;0;0;0;0
0;0;0;0;0;0;0
0;0;0;0;0;0;0
0;0;0;0;0;0;0
0;0;0;0;0;0;0
0;0;0;0;0;0;0
0;0;0;0;0;0;0
0;0;0;0;0;0;0
0;0;0;0;0;0;0
0;0;0;0;0;0;0
0;0;0;0;0;0;0
0;0;0;0;0;0;0
0;0;0;0;0;0;0
0;0;0;0;0;0;0
0;0;0;0;0;0;0
0;0;0;0;0;0;0
0;0;0;0;0;0;0
0;0;0;0;0;0;0
0;0;0;0;0;0;0
0;0;0;0;0;0;0
0;0;0;0;0;0;0
0;0;0;0;0;0;0
1;1;16;15;1;0;0
0;0;27;27;0;0;0
0;0;0;0;0;0;0
0;0;0;0;0;0;0
0;0;0;0;0;0;0
1;1;11;10;1;0;0
0;0;30;30;0;0;0
0;0;0;0;0;0;0
0;0;0;0;0;0;0
0;0;0;0;0;0;0
0;0;0;0;0;0;0
1;1;29;28;1;0;0
0;0;0;0;0;0;0
0;0;0;0;0;0;0
1;0;1;0;1;0;0
0;1;45;45;0;0;0
0;0;29;29;0;0;0
0;0;0;0;0;0;0
0;0;0;0;0;0;0
0;0;0;0;0;0;0
1;0;1;0;1;0;0
0;1;25;25;0;0;0
0;0;0;0;0;0;0
1;1;22;21;1;0;0
0;0;62;62;0;0;0
0;0;14;14;0;0;0
0;0;0;0;0;0;0
0;0;0;0;0;0;0
0;0;0;0;0;0;0
2;1;11;9;2;0;0
0;0;65;65;0;0;0
1;1;22;21;1;0;0
0;0;64;64;0;0;0
0;0;14;14;0;0;0
0;0;0;0;0;0;0
0;0;0;0;0;0;0
0;0;0;0;0;0;0
0;0;0;0;0;0;0
0;0;0;0;0;0;0
0;0;0;0;0;0;0
0;0;0;0;0;0;0
0;0;0;0;0;0;0
0;0;0;0;0;0;0
0;0;0;0;0;0;0
0;0;0;0;0;0;0
0;0;0;0;0;0;0
0;0;0;0;0;0;0
1;1;17;16;1;0;0
0;0;57;57;0;0;0
0;0;18;18;0;0;0
0;0;0;0;0;0;0
1;1;22;21;1;0;0
0;0;57;57;0;0;0
0;0;18;18;0;0;0
0;0;0;0;0;0;0
0;0;0;0;0;0;0
0;0;0;0;0;0;0
0;0;0;0;0;0;0
0;0;0;0;0;0;0
0;0;0;0;0;0;0
0;0;0;0;0;0;0
1;0;1;0;1;0;0
0;0;0;0;0;0;0
0;0;0;0;0;0;0
0;0;0;0;0;0;0
0;0;0;0;0;0;0
0;0;0;0;0;0;0
0;1;46;46;0;0;0
0;0;33;33;0;0;0
0;0;0;0;0;0;0
0;0;0;0;0;0;0
0;0;0;0;0;0;0
0;0;0;0;0;0;0
0;0;0;0;0;0;0
0;0;0;0;0;0;0
0;0;0;0;0;0;0
0;0;0;0;0;0;0
0;0;0;0;0;0;0
1;0;1;0;1;0;0
0;1;47;47;0;0;0
0;0;19;19;0;0;0
0;0;0;0;0;0;0
0;0;0;0;0;0;0
0;0;0;0;0;0;0
0;0;0;0;0;0;0
0;0;0;0;0;0;0
0;0;0;0;0;0;0
0;0;0;0;0;0;0
0;0;0;0;0;0;0
1;0;1;0;1;0;0
0;1;50;50;0;0;0
0;0;34;34;0;0;0
0;0;0;0;0;0;0
1;1;20;19;1;0;0
0;0;58;58;0;0;0
0;0;17;17;0;0;0
0;0;0;0;0;0;0
0;0;0;0;0;0;0
0;0;0;0;0;0;0
0;0;0;0;0;0;0
0;0;0;0;0;0;0
0;0;0;0;0;0;0
0;0;0;0;0;0;0
0;0;0;0;0;0;0
0;0;0;0;0;0;0
0;0;0;0;0;0;0
0;0;0;0;0;0;0
0;0;0;0;0;0;0
0;0;0;0;0;0;0
0;0;0;0;0;0;0
0;0;0;0;0;0;0
0;0;0;0;0;0;0
0;0;0;0;0;0;0
0;0;0;0;0;0;0
0;0;0;0;0;0;0
0;0;0;0;0;0;0
0;0;0;0;0;0;0
0;0;0;0;0;0;0
0;0;0;0;0;0;0
0;0;0;0;0;0;0
0;0;0;0;0;0;0
0;0;0;0;0;0;0
0;0;0;0;0;0;0
0;0;0;0;0;0;0
0;0;0;0;0;0;0
0;0;0;0;0;0;0
0;0;0;0;0;0;0
0;0;0;0;0;0;0
0;0;0;0;0;0;0
0;0;0;0;0;0;0
0;0;0;0;0;0;0
0;0;0;0;0;0;0
0;0;0;0;0;0;0
0;0;0;0;0;0;0
0;0;0;0;0;0;0
0;0;0;0;0;0;0
0;0;0;0;0;0;0
0;0;0;0;0;0;0
0;0;0;0;0;0;0
0;0;0;0;0;0;0
0;0;0;0;0;0;0
0;0;0;0;0;0;0
0;0;0;0;0;0;0
0;0;0;0;0;0;0
0;0;0;0;0;0;0
0;0;0;0;0;0;0
0;0;0;0;0;0;0
0;0;0;0;0;0;0
0;0;0;0;0;0;0
0;0;0;0;0;0;0
0;0;0;0;0;0;0
0;0;0;0;0;0;0
0;0;0;0;0;0;0
0;0;0;0;0;0;0
0;0;0;0;0;0;0
0;0;0;0;0;0;0
0;0;0;0;0;0;0
0;0;0;0;0;0;0
0;0;0;0;0;0;0
0;0;0;0;0;0;0
0;0;0;0;0;0;0
0;0;0;0;0;0;0
0;0;0;0;0;0;0
0;0;0;0;0;0;0
0;0;0;0;0;0;0
0;0;0;0;0;0;0
0;0;0;0;0;0;0
0;0;0;0;0;0;0
0;0;0;0;0;0;0
0;0;0;0;0;0;0
0;0;0;0;0;0;0
0;0;0;0;0;0;0
0;0;0;0;0;0;0
0;0;0;0;0;0;0
0;0;0;0;0;0;0
0;0;0;0;0;0;0
0;0;0;0;0;0;0
0;0;0;0;0;0;0
0;0;0;0;0;0;0
0;0;0;0;0;0;0
0;0;0;0;0;;0
0;0;0;0;0;;0
0;0;0;0;0;0;0
0;0;0;0;0;0;0
0;0;0;0;0;0;0
0;0;0;0;0;0;0
0;0;0;0;0;0;0
0;0;0;0;0;0;0
0;0;0;0;0;0;0
0;0;0;0;0;0;0
0;0;0;0;0;0;0
0;0;0;0;0;0;0
0;0;0;0;0;0;0
0;0;0;0;0;0;0
1;0;1;0;1;0;0
0;0;0;0;0;0;0
1;0;0;0;0;0;0
0;0;0;0;0;0;0
0;0;0;0;0;0;0
0;0;0;0;0;0;0
1;0;0;0;0;0;0
0;0;0;0;0;0;0
0;0;0;0;0;0;0
0;0;0;0;0;0;0
0;0;0;0;0;0;0
0;0;0;0;0;0;0
0;0;0;0;0;0;0
0;0;0;0;0;0;0
0;0;0;0;0;0;0
0;0;0;0;0;0;0
0;0;0;0;0;0;0
0;0;0;0;0;0;0
0;0;0;0;0;0;0
0;0;0;0;0;0;0
1;0;0;0;0;0;0
0;0;0;0;0;0;0
0;0;0;0;0;0;0
0;0;0;0;0;0;0
0;0;0;0;0;0;0
1;0;0;0;0;0;0
0;0;0;0;0;0;0
0;0;0;0;0;0;0
0;0;0;0;0;0;0
0;0;0;0;0;0;0
0;0;0;0;0;0;0
0;0;0;0;0;0;0
0;0;0;0;0;0;0
0;0;0;0;0;0;0
0;0;0;0;0;0;0
1;0;0;0;0;0;0
0;0;0;0;0;0;0
0;0;0;0;0;0;0
0;0;0;0;0;0;0
0;0;0;0;0;0;0
0;0;0;0;0;0;0
0;0;0;0;0;0;0
0;0;0;0;0;0;0
0;0;0;0;0;0;0
0;0;0;0;0;0;0
1;0;0;0;0;0;0
0;0;0;0;0;0;0
0;0;0;0;0;0;0
0;0;0;0;0;0;0
0;0;0;0;0;0;0
0;0;0;0;0;0;0
0;0;0;0;0;0;0
0;0;0;0;0;0;0
0;0;0;0;0;0;0
0;0;0;0;0;0;0
0;0;0;0;0;0;0
0;0;0;0;0;0;0
0;0;0;0;0;0;0
0;0;0;0;0;0;0
0;0;0;0;0;0;0
0;0;0;0;0;0;0
0;0;0;0;0;0;0
0;0;0;0;0;0;0
0;0;0;0;0;0;0
0;0;0;0;0;0;0
0;0;0;0;0;0;0
0;0;0;0;0;0;0
0;0;0;0;0;0;0
0;0;0;0;0;0;0
0;0;0;0;0;0;0
0;0;0;0;0;0;0
0;0;0;0;0;0;0
0;0;0;0;0;0;0
0;0;0;0;0;0;0
0;0;0;0;0;0;0
0;0;0;0;0;0;0
0;0;1;0;1;0;0
0;0;0;0;0;0;0
0;0;57;57;0;0;0
0;0;0;0;0;0;0
0;0;74;74;0;0;0
0;0;0;0;0;0;0
0;0;68;68;0;0;0
0;0;0;0;0;0;0
0;0;0;0;0;0;0
0;0;0;0;0;0;0
0;0;0;0;0;0;0
0;0;0;0;0;0;0
0;0;0;0;0;0;0
0;0;0;0;0;0;0
0;0;0;0;0;0;0
0;0;0;0;0;0;0
0;0;0;0;0;0;0
0;0;0;0;0;0;0
0;0;83;82;1;0;0
0;0;0;0;0;0;0
0;0;207;207;0;0;0
0;0;0;0;0;0;0
0;0;207;207;0;0;0
0;0;0;0;0;0;0
0;0;153;153;0;0;0
0;0;0;0;0;0;0
0;0;132;131;1;0;0
0;0;0;0;0;0;0
0;0;207;207;0;0;0
0;0;0;0;0;0;0
0;0;171;171;0;0;0
0;0;0;0;0;0;0
0;0;91;90;1;0;0
0;0;0;0;0;0;0
0;0;203;203;0;0;0
0;0;0;0;0;0;0
0;0;204;204;0;0;0
0;0;0;0;0;0;0
0;0;144;143;1;0;0
0;0;0;0;0;0;0
0;0;208;208;0;0;0
0;0;0;0;0;0;0
0;0;200;200;0;0;0
0;0;0;0;0;0;0
0;0;180;180;0;0;0
0;0;0;0;0;0;0
0;0;0;0;0;0;0
0;0;0;0;0;0;0
0;0;71;0;0;0;0
0;0;0;0;0;0;0
0;0;145;0;0;0;0
0;0;0;0;0;0;0
